   1   2   4   8  16  32  64
   0   3   5   9  17  33  65
   3   0   6  10  18  34  66
   2   1   7  11  19  35  67
   5   6   0  12  20  36  68
   4   7   1  13  21  37  69
   7   4   2  14  22  38  70
   6   5   3  15  23  39  71
   9  10  12   0  24  40  72
   8  11  13   1  25  41  73
  11   8  14   2  26  42  74
  10   9  15   3  27  43  75
  13  14   8   4  28  44  76
  12  15   9   5  29  45  77
  15  12  10   6  30  46  78
  14  13  11   7  31  47  79
  17  18  20  24   0  48  80
  16  19  21  25   1  49  81
  19  16  22  26   2  50  82
  18  17  23  27   3  51  83
  21  22  16  28   4  52  84
  20  23  17  29   5  53  85
  23  20  18  30   6  54  86
  22  21  19  31   7  55  87
  25  26  28  16   8  56  88
  24  27  29  17   9  57  89
  27  24  30  18  10  58  90
  26  25  31  19  11  59  91
  29  30  24  20  12  60  92
  28  31  25  21  13  61  93
  31  28  26  22  14  62  94
  30  29  27  23  15  63  95
  33  34  36  40  48   0  96
  32  35  37  41  49   1  97
  35  32  38  42  50   2  98
  34  33  39  43  51   3  99
  37  38  32  44  52   4 100
  36  39  33  45  53   5 101
  39  36  34  46  54   6 102
  38  37  35  47  55   7 103
  41  42  44  32  56   8 104
  40  43  45  33  57   9 105
  43  40  46  34  58  10 106
  42  41  47  35  59  11 107
  45  46  40  36  60  12 108
  44  47  41  37  61  13 109
  47  44  42  38  62  14 110
  46  45  43  39  63  15 111
  49  50  52  56  32  16 112
  48  51  53  57  33  17 113
  51  48  54  58  34  18 114
  50  49  55  59  35  19 115
  53  54  48  60  36  20 116
  52  55  49  61  37  21 117
  55  52  50  62  38  22 118
  54  53  51  63  39  23 119
  57  58  60  48  40  24 120
  56  59  61  49  41  25 121
  59  56  62  50  42  26 122
  58  57  63  51  43  27 123
  61  62  56  52  44  28 124
  60  63  57  53  45  29 125
  63  60  58  54  46  30 126
  62  61  59  55  47  31 127
  65  66  68  72  80  96   0
  64  67  69  73  81  97   1
  67  64  70  74  82  98   2
  66  65  71  75  83  99   3
  69  70  64  76  84 100   4
  68  71  65  77  85 101   5
  71  68  66  78  86 102   6
  70  69  67  79  87 103   7
  73  74  76  64  88 104   8
  72  75  77  65  89 105   9
  75  72  78  66  90 106  10
  74  73  79  67  91 107  11
  77  78  72  68  92 108  12
  76  79  73  69  93 109  13
  79  76  74  70  94 110  14
  78  77  75  71  95 111  15
  81  82  84  88  64 112  16
  80  83  85  89  65 113  17
  83  80  86  90  66 114  18
  82  81  87  91  67 115  19
  85  86  80  92  68 116  20
  84  87  81  93  69 117  21
  87  84  82  94  70 118  22
  86  85  83  95  71 119  23
  89  90  92  80  72 120  24
  88  91  93  81  73 121  25
  91  88  94  82  74 122  26
  90  89  95  83  75 123  27
  93  94  88  84  76 124  28
  92  95  89  85  77 125  29
  95  92  90  86  78 126  30
  94  93  91  87  79 127  31
  97  98 100 104 112  64  32
  96  99 101 105 113  65  33
  99  96 102 106 114  66  34
  98  97 103 107 115  67  35
 101 102  96 108 116  68  36
 100 103  97 109 117  69  37
 103 100  98 110 118  70  38
 102 101  99 111 119  71  39
 105 106 108  96 120  72  40
 104 107 109  97 121  73  41
 107 104 110  98 122  74  42
 106 105 111  99 123  75  43
 109 110 104 100 124  76  44
 108 111 105 101 125  77  45
 111 108 106 102 126  78  46
 110 109 107 103 127  79  47
 113 114 116 120  96  80  48
 112 115 117 121  97  81  49
 115 112 118 122  98  82  50
 114 113 119 123  99  83  51
 117 118 112 124 100  84  52
 116 119 113 125 101  85  53
 119 116 114 126 102  86  54
 118 117 115 127 103  87  55
 121 122 124 112 104  88  56
 120 123 125 113 105  89  57
 123 120 126 114 106  90  58
 122 121 127 115 107  91  59
 125 126 120 116 108  92  60
 124 127 121 117 109  93  61
 127 124 122 118 110  94  62
 126 125 123 119 111  95  63